10 0  0 0 0  0 0 0  0 0 0  0 0 
20 0  0 0 0  0 0 0  0 0 0  0 0 
30 0  0 0 0  0 0 0  0 0 0  0 0 
40 0  0 0 0  0 0 0  0 0 0  0 0 
50 0  0 0 0  0 0 0  0 0 0  0 0 
60 0  0 0 0  0 0 0  0 0 0  0 0 
70 0  0 0 0  0 0 0  0 0 0  0 0 
80 0  0 0 0  0 0 0  0 0 0  0 0 
90 0  0 0 0  0 0 0  0 0 0  0 0 
100 0  0 0 0  0 0 0  0 0 0  0 0 
110 0  0 0 0  0 0 0  0 0 0  0 0 
120 0  0 0 0  0 0 0  0 0 0  0 0 
130 0  0 0 0  0 0 0  0 0 0  0 0 
140 0  0 0 0  0 0 0  0 0 0  0 0 
150 0  0 0 0  0 0 0  0 0 0  0 0 
160 0  0 0 0  0 0 0  0 0 0  0 0 
170 0  0 0 0  0 0 0  0 0 0  0 0 
180 0  0 0 0  0 0 0  0 0 0  0 0 
190 0  0 0 0  0 0 0  0 0 0  0 0 
200 0  0 0 0  0 0 0  0 0 0  0 0 
210 0  0 0 0  0 0 0  0 0 0  0 0 
220 0  0 0 0  0 0 0  0 0 0  0 0 
230 0  0 0 0  0 0 0  0 0 0  0 0 
240 0  0 0 0  0 0 0  0 0 0  0 0 
250 0  0 0 0  0 0 0  0 0 0  0 0 
260 0  0 0 0  0 0 0  0 0 0  0 0 
270 0  0 0 0  0 0 0  0 0 0  0 0 
280 0  0 0 0  0 0 0  0 0 0  0 0 
290 0  0 0 0  0 0 0  0 0 0  0 0 
300 0  0 0 0  0 0 0  0 0 0  0 0 
310 51.4741  -2.73267 2.27612 80.8994  1.3805 0.511025 85.656  -0.347986 1.54723 84.9141  -1.20523 3.35014 
320 78.0839  4.11382 2.69213 106.929  3.89004 1.72852 104.763  -0.352716 4.72164 97.9697  0.863043 4.82039 
330 99.7593  11.8237 -2.55254 130.395  4.17703 2.93654 121.607  0.636127 4.91268 104.496  -0.942067 1.50774 
340 125.252  14.6661 -2.329 154.963  4.03709 3.25795 138.332  -0.446225 3.03813 114.185  -0.269198 0.68855 
350 151.287  16.728 0.560033 177.987  3.71551 5.54058 153.97  -1.02553 2.24849 124.696  1.0397 -0.0928084 
360 169.795  25.0765 -6.25231 200.665  3.72159 4.35406 169.461  0.0986267 5.56304 131.779  0.459063 2.03892 
370 193.912  32.5527 -0.666386 223.245  3.88889 3.93854 187.913  -1.26996 6.41075 142.805  -0.65074 3.62504 
380 215.103  33.6997 0.150723 247.176  5.4645 5.35369 205.471  0.255043 7.69134 152.81  -3.31193 2.19741 
390 238.152  40.2953 -0.576066 271.676  5.79878 7.28504 220.519  1.60285 9.81568 162.328  -1.97761 4.30368 
400 260.385  44.3981 -5.39254 294.941  5.16676 8.60258 234.269  1.98258 10.8297 169.15  2.61302 4.6457 
410 282.065  38.6874 -1.25674 316.189  4.69949 9.13726 247.346  1.74353 13.0459 179.122  5.05038 1.77257 
420 306.861  42.3439 1.49908 338.991  5.4304 8.63029 263.073  3.32592 14.2832 189.077  4.95426 2.07502 
430 327.298  37.4731 -2.26151 362.164  4.83312 7.08688 279.08  5.15741 16.5705 196.902  3.60592 3.41857 
440 352.415  34.0799 -9.77788 383.311  3.74448 6.55779 294.531  7.09927 18.1532 208.119  3.41271 6.42735 
450 373.677  34.9527 -10.0363 404.701  3.43046 5.34263 310.363  7.74069 18.8847 216.862  4.83794 9.32627 
460 399.22  36.4929 -7.66025 425.615  3.42035 4.69184 326.093  6.95933 20.8091 227.145  6.83592 11.9532 
470 420.061  34.6066 -5.25551 446.026  2.35967 4.2775 339.966  7.0444 21.6451 236.618  4.78146 14.1914 
480 438.95  32.5968 -0.191834 466.011  2.90849 5.2108 354.653  7.28665 22.3057 245.201  7.89943 15.7714 
490 458.992  31.755 -1.1336 488.341  3.49566 6.38939 368.583  9.04055 23.0075 253.334  13.6976 20.0384 
500 477.489  29.0606 -5.01987 509.372  3.32597 8.50334 383.78  10.8619 21.9611 264.836  13.7617 24.6631 
510 500.292  24.3842 2.03035 529.975  2.99636 8.17829 398.311  10.4371 18.6641 274.085  8.10099 24.3519 
520 522.989  24.4676 1.09384 551.181  4.90307 9.4487 414.251  10.7187 22.8943 286.651  8.89267 23.931 
530 542.217  23.1343 -6.81066 570.129  5.60276 9.1666 426.996  9.58851 24.1076 298.513  10.5556 22.0238 
540 565.753  18.8669 -5.87588 589.101  5.56525 10.5814 441.773  8.49852 24.7425 305.718  7.85244 18.893 
550 584.675  20.4915 -1.03157 610.129  6.68893 11.1128 456.253  6.16569 24.9604 316.714  8.31534 18.1049 
560 600.24  14.5797 -1.43904 626.975  8.21144 11.2825 470.645  3.75656 23.6034 326.75  9.63394 18.8983 
570 618.049  17.5329 -4.46639 647.8  8.56304 10.7895 486.245  1.31563 23.3482 339.231  7.79958 16.3992 
580 628.767  13.2249 -5.48833 667.225  10.2224 10.837 499.689  1.5767 24.7415 345.178  10.0579 15.7595 
590 643.268  12.9453 -8.54242 685.986  9.08109 12.3408 511.441  2.67214 25.8587 352.484  11.4149 16.865 
600 656.111  14.2115 -11.5779 704.176  7.13667 10.997 523.55  2.77862 24.9614 361.073  11.8971 18.039 
610 670.2  13.8754 -12.8772 722.598  6.98325 10.1195 537.311  3.76408 24.1395 369.878  10.1526 16.7668 
620 683.359  10.8894 -12.3721 741.369  6.76641 10.282 550.719  3.46908 22.9736 382.048  8.07424 16.2208 
630 698.111  6.7569 -8.55237 760.896  5.85962 11.7229 564.647  1.45531 24.4246 394.003  5.80065 19.5807 
640 713.502  5.77138 -1.35687 778.184  6.49269 10.9444 580.086  -1.8189 23.9199 399.746  8.94865 24.1454 
650 734.275  -3.05323 -7.14947 798.512  7.32121 11.4944 593.257  -5.07812 26.6283 404.55  12.5988 23.7813 
660 753.839  -6.66499 -9.03249 816.843  7.24326 10.8849 607.552  -9.09635 26.0918 412.348  16.9445 22.659 
670 766.878  -7.46595 -5.66387 833.394  6.8539 10.0726 625.164  -9.33961 26.5546 417.458  16.2607 22.7562 
680 780.417  -6.85375 -6.5161 851.839  7.77585 10.3827 638.333  -8.34036 26.2658 423.304  15.978 22.7517 
690 800.348  -11.413 -3.02595 871.316  9.19671 11.1436 651.09  -5.73043 27.1185 431.205  17.1224 21.2906 
700 820.435  -7.77474 -3.64639 889.511  8.60939 11.0697 665.445  -4.5339 27.5542 439.116  21.8058 21.479 
710 834.004  -8.91119 1.1285 905.79  8.00213 9.99217 679.595  -3.94609 27.9502 447.813  26.5495 20.4803 
720 848.737  -15.2551 3.94329 923  8.81135 10.6652 692.526  -3.98418 27.7714 455.438  30.827 22.0544 
730 859.504  -16.5293 6.14617 940.857  9.92521 10.474 704.281  -2.00211 28.6089 460.442  34.0206 25.4565 
740 872.143  -28.2906 4.6421 959.762  10.6152 10.2669 717.78  0.370522 25.8518 466.504  34.3072 25.8737 
750 877.192  -32.5096 7.91758 978.079  10.6105 10.1015 730.425  1.7333 24.8062 476.493  30.4238 27.0755 
760 886.537  -31.5035 15.1507 996.921  10.8105 9.94486 742.553  1.34595 29.0432 484.42  28.7339 26.8264 
770 896.349  -25.9453 16.9897 1013.79  8.94735 10.2743 755.702  -1.06421 29.1007 491.534  29.2358 26.7779 
780 906.047  -20.4545 16.5517 1029  6.46968 10.5808 768.083  -1.70356 29.6846 503.676  25.239 25.2356 
790 920.443  -15.5802 14.0949 1045.22  6.54074 10.0115 782.978  -0.894887 28.7054 510.133  22.188 24.5498 
800 933.625  -17.8853 15.1199 1062.21  6.3668 9.29218 796.888  -0.29341 30.754 519.804  19.3308 25.858 
810 939.368  -16.2805 19.9413 1078.5  5.59694 10.1543 810.644  -1.17304 32.2928 528.285  21.0767 24.7343 
820 946.426  -18.1873 15.2261 1095.51  5.22664 9.41251 823.949  -1.26216 32.4687 535.256  18.417 25.5411 
830 963.689  -12.0955 19.3004 1111.25  4.70959 9.20272 835.902  -2.41752 34.9263 541.149  15.987 24.8433 
840 972.535  -11.5338 23.4866 1128.74  5.15774 8.82168 851.556  -3.41786 35.9996 551.25  16.2771 24.9186 
850 985.479  -14.259 17.305 1145.65  6.0172 11.5695 866.445  -1.54871 37.6935 559.213  19.7346 24.7938 
860 999.977  -17.8116 22.0859 1162.07  5.03113 11.7499 879.919  -1.75415 38.0033 567.599  19.7981 25.8522 
870 1010.88  -14.643 14.1551 1177.29  4.36683 9.62742 889.783  -1.71023 37.8742 573.143  19.7496 27.428 
880 1026.04  -6.6076 20.8067 1193.54  5.38863 9.39038 900.784  -2.13306 37.5873 579.892  20.6753 24.5227 
890 1037.24  -3.91922 21.0331 1208.75  7.16231 9.77782 911.869  -0.8275 37.252 585.958  18.7193 22.2856 
900 1043.5  3.64595 12.122 1223.49  7.94756 9.59102 923.148  0.737388 36.4477 590.893  18.1195 20.4097 
910 1053.77  1.7399 12.2789 1239.4  8.55751 9.11775 932.817  0.839507 38.1352 594.051  18.4284 16.4918 
920 1065.38  0.256907 13.5257 1253.37  8.76224 8.85854 943.287  1.68923 38.0082 600.881  16.6989 13.9889 
930 1083.17  -0.921711 10.2619 1268.94  9.00918 6.34691 953.99  -0.370896 37.8165 605.597  14.6197 11.4162 
940 1092.49  -1.6462 11.3749 1284.08  6.96666 4.86755 964.153  -1.33533 34.7575 609.558  16.0141 11.8206 
950 1106.15  -11.3552 16.0428 1297.82  6.78456 5.38641 976.064  -0.561056 34.7319 618.166  14.6872 13.1679 
960 1116.35  -9.64297 14.5921 1312  6.02515 4.73878 990.007  0.497733 37.3976 621.587  16.5358 13.468 
970 1127.33  -14.9532 10.1129 1325.3  5.28038 5.52511 1002.15  -0.069606 38.0178 626.814  18.0737 17.1589 
980 1145.48  -19.043 10.4817 1341.06  4.77393 5.30348 1012.05  1.82148 39.732 635.685  18.362 18.9211 
990 1159.09  -11.6776 10.6156 1355.09  5.32746 5.46137 1020.92  2.6116 42.7072 642.725  18.2948 15.3604 
1000 1176.79  -13.2693 16.5332 1368.52  4.30463 4.95684 1031.42  3.31123 40.6195 649.556  19.506 12.835 
1010 1192.35  -10.1554 14.3273 1383.69  4.65858 5.26278 1044.84  2.90555 40.4935 659.458  20.2511 12.5307 
1020 1209.97  -5.83416 21.1464 1399.19  3.11929 7.7322 1058.72  2.32254 39.2732 668.372  23.6016 11.2759 
1030 1213.98  0.707487 15.6031 1413.64  3.21594 9.93032 1071.91  3.82631 38.7569 674.928  23.8163 10.9254 
1040 1218.74  1.71956 12.7432 1431.16  3.39374 11.9938 1082.56  4.7133 38.8986 682.595  25.4404 6.62393 
1050 1236.09  2.29033 11.3616 1446.45  5.19253 10.8969 1092.78  5.23697 39.1261 684.374  29.5534 4.89216 
1060 1247.61  7.52236 16.2058 1459.66  5.37628 10.5114 1105.86  8.24438 38.6667 688.85  30.8742 4.32123 
1070 1260.55  5.50693 19.9051 1472.16  5.54563 11.0485 1115.28  11.2263 37.2649 693.205  29.0126 5.30396 
1080 1265.76  5.3279 21.9489 1487.38  6.37133 11.7596 1124.12  8.26799 35.2301 695.583  32.5437 7.56799 
1090 1277.19  10.7219 25.6009 1501.7  6.99421 12.0553 1135  7.31606 38.1741 698.615  32.2131 7.90762 
1100 1288.46  14.4111 31.2584 1514.94  7.55717 12.3155 1146.05  10.618 40.3854 703.197  31.3997 10.9155 
1110 1290.6  13.1978 34.2209 1530.24  7.03073 10.7649 1155.71  13.8298 41.3792 707.35  25.7903 13.2982 
1120 1301.03  7.31613 33.8517 1543.5  6.3007 9.06044 1168  15.3626 40.647 714.552  24.0298 9.13981 
1130 1306.44  5.79047 36.067 1559.19  6.46545 8.90872 1179.86  16.1683 41.3473 719.461  20.8383 5.63229 
1140 1317.87  10.4525 38.6458 1571.19  4.57832 8.65836 1190.22  15.2541 42.223 722.31  22.0402 4.16399 
1150 1327.5  10.7373 37.8727 1584.28  3.98917 11.91 1197.52  12.6844 43.3078 729.557  22.918 3.16037 
1160 1336.85  21.2396 41.9729 1596.15  4.53385 12.4997 1207.17  11.7966 44.0416 733.632  22.9883 1.73896 
1170 1349.35  18.8681 43.1134 1609.96  5.66262 12.7525 1216.99  9.75949 45.3241 741.971  25.5583 0.806684 
1180 1359.72  13.4785 44.7431 1623.72  5.84788 13.5719 1228.23  10.8324 44.3825 750.487  25.069 -0.207576 
1190 1370.02  8.76655 44.4795 1636.71  6.51991 13.7845 1237.03  13.5502 44.4525 758.411  25.0925 1.97602 
1200 1380.75  6.3439 46.8667 1651.24  7.4097 13.2262 1248.19  14.9113 42.5903 767.293  23.3574 5.17544 
1210 1383  8.8222 45.5358 1663.85  6.03067 12.078 1258.3  16.5379 41.2891 770.79  26.4291 6.01429 
1220 1391.05  11.7808 48.7063 1676.94  5.57511 10.9892 1268.26  15.5183 43.1822 776.624  26.6892 12.1761 
1230 1401.03  11.0307 54.226 1689.6  6.27838 11.932 1277.71  16.3521 44.5032 784.697  28.9062 14.9165 
1240 1409.66  13.4043 55.9381 1703.58  5.82168 11.6572 1289.22  17.6252 41.0658 793.236  30.0143 16.2568 
1250 1419.41  13.3988 58.9655 1716.3  5.805 9.44091 1301.41  19.0531 39.3025 802.38  26.1162 12.2188 
1260 1430.49  12.7043 61.8778 1729.84  5.70298 12.8689 1312.95  17.3978 39.9787 811.95  21.8682 11.2006 
1270 1440.29  16.3851 66.3813 1744.07  7.62269 16.0557 1321.09  17.704 38.9144 818.255  17.2902 12.6392 
1280 1451.14  7.12845 68.3856 1754.48  7.86599 16.4961 1329.57  17.5369 36.6348 823.203  13.5217 15.4041 
1290 1461.31  9.10758 66.5381 1767.18  6.96022 17.4102 1338.84  18.6739 37.7548 830.996  14.8115 12.3782 
1300 1467.31  19.0004 67.8578 1779.44  7.28754 17.6456 1348.62  19.8811 35.4287 838.089  13.729 10.8674 
1310 1474.64  26.2572 63.946 1793.71  7.09965 17.5113 1354.71  21.3022 37.3069 843.499  10.086 13.5123 
1320 1484.66  28.0745 61.8288 1808.33  7.15192 17.5233 1364.02  22.1449 35.9676 847.566  12.0343 18.7001 
1330 1498.15  24.4612 64.3578 1821.72  6.5264 19.4339 1371.99  23.3412 34.3429 849.746  12.7013 17.9382 
1340 1507.23  22.968 63.0032 1833.54  6.20055 18.5269 1383.92  25.2031 33.6337 854  13.9766 16.1866 
1350 1516.96  15.7452 58.49 1846.52  8.03946 17.4385 1392.85  26.6391 33.8465 861.896  13.1533 19.1504 
1360 1528.55  20.0726 59.1226 1861.57  8.5442 16.7062 1400.46  26.7545 35.1819 865.97  13.0932 22.2276 
1370 1535.45  17.1574 59.5934 1874.7  8.88056 15.9885 1409.66  27.6403 36.3487 871.748  11.2086 21.3193 
1380 1546.52  19.239 57.3525 1887.3  9.95167 16.0134 1420.46  28.4354 39.0111 880.024  9.28495 20.6256 
1390 1559.44  14.4586 58.1708 1898.79  12.2345 15.2517 1429.8  30.0045 39.2856 886.073  7.52807 21.3046 
1400 1573.64  12.8128 57.7384 1912.03  13.6498 14.9857 1438.91  30.1619 41.0267 892.749  10.1042 26.7158 
1410 1583.52  9.06091 64.5918 1925.25  12.7938 14.1556 1447.34  30.3108 39.8452 895.865  14.0827 28.1416 
1420 1592.03  5.61654 66.0851 1938.59  14.5995 13.3474 1456.21  28.1169 38.1083 905.33  14.5081 26.7531 
1430 1596.74  7.2627 71.6188 1949.12  14.0048 13.2727 1465.44  28.2871 40.077 911.631  13.1569 30.2742 
1440 1606.28  11.3185 67.9553 1960.14  11.6786 13.7873 1476.55  29.8816 40.278 915.912  13.43 31.4915 
1450 1607  13.3925 70.4824 1974.89  12.6021 13.5148 1490.53  28.2829 41.5631 919.412  11.1992 32.5647 
1460 1615.01  12.7662 75.0419 1986.83  13.9179 13.7092 1499.3  28.7599 40.2583 926.175  11.783 31.4617 
1470 1624.09  11.6028 79.5747 1996.74  13.4079 14.4406 1510.61  27.7339 39.2544 932.362  11.4041 31.0841 
1480 1631.75  8.71167 78.6487 2008.51  13.455 15.5789 1519.04  28.097 36.6704 935.52  14.2409 30.656 
1490 1641.98  8.23225 74.0469 2020.78  12.357 16.3907 1527  29.543 36.0628 944.301  18.1933 31.0875 
1500 1653.84  10.4442 76.5495 2033.64  13.7493 16.2472 1535.43  29.0312 34.0169 951.823  18.9762 32.8222 
1510 1668.87  9.62815 74.4368 2044.36  13.7347 16.9183 1547.92  29.1756 34.2902 956.927  18.503 31.6989 
1520 1685.27  10.0974 73.0416 2055.45  14.5295 16.2464 1555.98  27.0059 35.0621 964.658  17.1046 33.9213 
1530 1696.64  10.0455 77.8439 2066.68  14.2374 14.6471 1563.01  27.9334 34.3943 972.235  16.6354 35.2764 
1540 1709.89  13.5394 77.1683 2077.31  14.6253 14.3597 1568.85  29.4886 36.6807 975.963  20.1973 39.0908 
1550 1719.63  14.4159 73.9938 2089.22  15.6253 14.299 1574.45  29.1569 34.8167 980.188  20.4755 44.6717 
1560 1726.22  15.2514 76.7004 2100.96  14.9666 13.7101 1583.17  28.1981 32.2234 985.017  18.7086 49.4617 
1570 1740.89  18.1456 85.4231 2111.33  14.9009 13.6859 1589.97  32.5101 30.1028 989.931  20.1116 48.8921 
1580 1752.18  19.6504 93.1445 2121.67  14.9823 13.7368 1599.34  33.6506 32.0464 994.615  18.0412 49.688 
1590 1760.08  18.6977 93.1853 2133.03  15.5938 14.3354 1607.82  34.0757 32.9364 1000.12  20.3558 53.97 
1600 1771.36  16.8653 92.9644 2143.27  16.622 15.5417 1615.76  32.839 33.4948 1005.75  19.6001 53.7088 
1610 1780.74  18.9968 91.3394 2154.5  16.0996 14.7099 1625.4  31.2719 33.4873 1012.61  19.2247 55.7944 
1620 1789.61  25.219 88.638 2165.96  16.0972 14.6099 1634.73  33.1608 32.2877 1017.22  21.5112 55.5124 
1630 1799.8  27.4956 91.4624 2177.97  15.3905 14.5725 1644.48  33.5147 30.6134 1020.16  22.6707 51.4734 
1640 1812.51  32.9198 95.4233 2189.95  16.4509 14.5274 1654.73  32.5115 30.2356 1025.29  24.4109 50.3809 
1650 1820.42  28.3387 96.8387 2202.97  15.3407 14.3659 1664.92  33.0925 30.2259 1030.66  22.7841 49.0005 
1660 1828.31  27.1972 101.94 2215.67  13.3681 14.7922 1672.92  33.8409 31.0809 1036.77  23.1861 45.2671 
1670 1835.32  28.9371 97.7341 2227.5  12.6983 14.0065 1681.52  34.2424 27.9796 1041.83  23.0627 41.4325 
1680 1841.17  25.5408 97.5959 2240.15  13.8493 13.5443 1691.02  34.1378 27.3135 1046.22  16.1973 40.3417 
1690 1852.35  22.935 93.354 2251.22  14.6026 13.9861 1697.73  34.7997 25.402 1056.24  15.5418 38.6734 
1700 1859.91  24.6427 90.4095 2262.62  12.2522 14.6693 1706.7  34.833 24.4617 1062.98  11.8715 38.2485 
1710 1865.91  21.6173 89.3332 2272.88  12.695 17.044 1715.4  35.8449 22.9042 1068.83  8.99095 41.1828 
1720 1864.53  21.931 92.8511 2284.59  14.1089 16.6517 1721.99  37.5082 22.708 1075.89  6.74419 46.2216 
1730 1861.58  21.8784 95.9301 2296.12  12.4752 16.8701 1731.4  35.2114 22.8975 1084.97  7.29644 48.0572 
1740 1877.22  17.5302 96.5084 2307.6  11.6317 16.3696 1741.25  32.6714 20.8124 1092.52  9.02896 47.7437 
1750 1883.92  21.1021 97.3551 2319.54  13.0624 16.943 1750.6  30.179 18.9698 1098.08  8.3914 42.0935 
1760 1898.08  22.3424 97.2181 2331.82  12.8227 17.6181 1758.9  29.7483 18.3762 1101.73  9.08149 38.8286 
1770 1904.86  27.2459 96.6236 2342.89  13.1277 19.2211 1767.17  29.1155 18.1372 1106.82  8.89775 39.5242 
1780 1911.7  26.4776 92.0221 2353.99  11.8991 19.2381 1776.44  28.2957 19.0164 1110.32  8.79413 42.2079 
1790 1920.24  16.9512 96.1088 2362.13  10.0227 19.7038 1786.36  28.7455 18.8932 1116.63  5.76716 43.2073 
1800 1921.35  18.3568 94.1415 2371.8  9.48877 19.3861 1793.25  28.2039 21.7266 1119.85  6.98001 42.8627 
1810 1933.57  21.4109 98.6923 2380.58  11.1622 20.0634 1799.81  28.7561 21.9426 1122.51  6.90767 42.977 
1820 1941.94  17.9894 108.693 2390.56  9.33946 20.8875 1810.7  30.2287 21.8341 1128.73  4.23275 48.721 
1830 1944.07  19.7641 114.979 2399.24  8.19009 21.4014 1821.17  30.7637 21.3383 1134.55  5.44456 52.2444 
1840 1949.19  22.8392 106.639 2410.04  8.91862 21.2046 1830.64  30.8415 21.4382 1141.53  3.21076 52.5359 
1850 1958.23  22.8439 108.346 2421.45  10.5852 21.2492 1837.42  31.3883 23.7502 1149.99  4.47579 53.807 
1860 1964.47  21.9214 106.131 2431.41  11.2514 22.4055 1845.56  33.5236 23.4223 1153.73  6.19302 52.9675 
1870 1971.47  14.7943 105.281 2441.68  10.9016 23.8169 1851.26  35.1267 22.5129 1153.53  9.06918 51.5451 
1880 1978.18  13.0565 108.82 2453.05  11.7483 24.6601 1858.3  37.104 19.2411 1158.52  6.76019 51.3031 
1890 1990.69  13.0229 115.966 2463.1  11.7952 24.5733 1864.28  37.6371 17.3327 1160.16  4.5213 52.4956 
1900 1996.83  14.6182 120.954 2473.86  11.6323 25.3671 1871.92  37.2842 17.153 1164.87  0.402791 50.023 
1910 2002.3  13.8191 121.741 2485.64  12.7458 26.7447 1876.55  38.2128 18.7805 1171.12  1.49744 50.678 
1920 2008.92  16.7727 119.645 2496.79  13.0802 26.2165 1882.73  38.47 21.2379 1179.28  1.62633 50.633 
1930 2015.08  15.8253 116.25 2509.67  13.983 26.1421 1890.42  39.1313 22.2564 1182.94  0.559703 50.6902 
1940 2024.53  20.0997 115.748 2520.63  13.7722 27.0408 1897.99  39.5426 22.0648 1189.06  -1.30118 47.8725 
1950 2030.28  20.9073 119.509 2530.05  12.746 27.5793 1907.95  41.6515 22.4925 1191.47  -3.10361 45.5362 
1960 2029.66  33.3458 124.077 2539.65  12.0249 27.87 1916.11  42.3881 24.5606 1193.81  -4.02032 42.486 
1970 2039.32  31.2328 116.094 2550.26  10.642 28.5157 1923.07  43.1182 25.5941 1195.26  -4.99839 41.1714 
1980 2048.29  28.5046 112.395 2559.28  10.9295 28.7875 1930.35  41.6873 27.2304 1202.33  -5.32659 37.7541 
1990 2053.94  21.1514 108.814 2571.14  12.4514 28.5453 1936.68  41.0905 29.9666 1211.99  -4.37069 33.5193 
2000 2059.88  20.2319 109.46 2580.01  12.2874 30.7915 1946.87  40.3096 31.6685 1220.53  -3.2276 30.2953 
2010 2066.14  19.1008 117.272 2588.7  12.7106 32.1105 1955.68  39.3324 29.5701 1226.8  -2.5777 32.122 
2020 2073.64  18.3782 121.731 2598.1  13.2436 32.6805 1965.98  37.8248 26.7802 1232.64  -4.38498 33.2992 
2030 2083.49  21.5183 123.301 2608.32  13.4744 32.6729 1972.44  35.5126 27.1177 1237.49  -4.6978 29.4186 
2040 2087.45  28.4062 121.857 2618.35  13.7367 30.9506 1978.81  33.75 29.5134 1243.44  -6.2078 27.2387 
2050 2092.5  31.6004 120.233 2629.53  12.4185 31.3848 1985.97  32.7898 30.7845 1248.43  -5.26359 26.378 
2060 2098.47  30.2557 115.036 2638.74  12.1941 30.4292 1990.72  30.329 28.7911 1258.54  -4.66691 23.3819 
2070 2107.64  35.0769 119.05 2647.08  12.6959 28.7619 1999.76  31.3056 28.2921 1263.45  -7.58296 22.5522 
2080 2115.03  38.9274 113.175 2656.58  11.639 28.6707 2008.21  33.4213 28.855 1268.47  -7.62095 21.5485 
2090 2121.69  44.0083 122.362 2665.13  9.60297 27.4957 2017.56  32.0365 31.0528 1275.74  -8.64086 18.314 
2100 2133.81  48.1133 124.374 2673.83  9.48438 28.1305 2025.85  33.8721 32.2787 1280.28  -11.1713 17.2049 
2110 2142.84  44.7976 126.598 2684.48  10.1132 28.2975 2035.23  36.0269 34.9298 1285.74  -10.0382 20.8174 
2120 2150.79  44.2445 125.676 2695.11  11.1987 29.3164 2043.13  36.0931 35.595 1290.71  -5.73629 21.4349 
2130 2157.6  44.3024 119.647 2704.51  10.5531 30.0485 2052.27  32.5941 35.1104 1292.42  -1.91494 24.6644 
2140 2159.88  45.2388 117.231 2714.97  7.29801 30.3589 2059.87  30.2843 38.1795 1295.59  1.08145 23.5131 
2150 2163.54  43.8872 121.133 2726.65  8.34665 31.347 2069.54  30.9775 39.7612 1297.88  4.47992 23.8473 
2160 2169.6  38.2635 122.46 2737.39  7.72314 31.0187 2078.18  28.1023 40.2207 1302.71  8.93942 25.0051 
2170 2180.06  40.0315 122.714 2745.61  7.07064 29.872 2084.71  26.6053 38.5065 1306.91  8.01136 26.0539 
2180 2196.1  34.5929 118.493 2755.93  8.0051 31.6672 2092.26  23.9744 37.9188 1307.59  8.05829 25.2129 
2190 2200.26  30.5462 116.621 2765.46  8.97321 32.3109 2097.94  21.6685 38.7207 1310.29  11.7454 23.4411 
2200 2204.26  30.7172 118.478 2774.92  7.72702 32.0952 2106.14  18.3248 36.9773 1316.04  15.346 24.2719 
2210 2209.96  31.3216 120.488 2786.82  6.39505 31.9181 2112.44  16.4727 38.603 1324.04  19.8631 25.6283 
2220 2217.73  34.1452 125.725 2798.45  6.04872 32.7041 2116.53  15.8288 38.2277 1327.63  21.7412 27.1902 
2230 2228.22  37.7602 124.388 2808.15  6.18462 32.4992 2120.82  11.8926 38.3404 1329.58  22.6871 29.1458 
2240 2234.14  35.2796 124.083 2818.86  8.28252 33.3654 2129.15  10.7334 40.1216 1333.08  26.3439 29.9659 
2250 2240.02  36.8001 130.868 2828.34  11.3701 33.6882 2137.84  13.4513 41.1211 1340.31  29.9511 31.11 
2260 2246.28  34.8335 133.671 2838.34  12.032 33.7183 2143.9  13.0482 41.6369 1350.41  29.8709 28.6875 
2270 2253.45  38.3695 134.5 2847.01  11.649 33.5376 2149.13  14.1897 43.8887 1356.25  32.1618 25.3031 
2280 2262.82  41.6006 135.538 2857.96  11.3981 31.582 2158.06  15.0703 44.7034 1358.91  28.8924 24.7305 
2290 2268.4  45.5629 130.536 2868.08  12.6059 31.6184 2165.2  15.0373 41.7924 1363.1  29.2907 25.3825 
2300 2270.28  45.0661 134.532 2875.63  10.5672 29.7813 2174.25  12.34 41.2561 1366.13  28.4473 22.6425 
2310 2277.55  47.2318 132.97 2884.02  9.00683 30.5853 2184.72  13.9188 39.8079 1370.82  26.6569 20.9611 
2320 2285.12  56.7816 132.264 2894.5  8.22651 30.6925 2190.77  16.7297 40.2212 1376.2  24.3534 16.3798 
2330 2294.02  60.402 133.481 2904.21  8.80064 32.7152 2196.57  17.6967 42.2111 1382.41  20.8852 19.3618 
2340 2300.9  63.5696 128.233 2912.47  7.73706 33.1307 2204.02  17.8808 39.8914 1387.97  18.7613 21.216 
2350 2314.59  60.6979 131.305 2920.98  7.50365 34.0908 2211.75  16.4313 35.3611 1391.23  17.5171 20.1631 
2360 2323.12  63.2109 133.262 2930.41  9.17955 35.0153 2217.43  15.7879 35.2968 1393.14  14.1077 19.9311 
2370 2326.71  53.9614 127.866 2939.84  10.0302 35.5319 2221.85  17.8271 36.7653 1392.26  14.3744 15.7371 
2380 2334.45  51.6239 120.363 2948.88  9.20588 35.9957 2229.15  19.7062 39.9 1392.42  12.1382 15.0697 
2390 2343.01  57.0109 121.481 2958.12  10.0501 36.5325 2238.07  23.3832 41.2453 1399.87  9.84638 16.2788 
2400 2354.43  55.8391 122.646 2966.19  10.2755 39.1847 2246.21  22.0838 39.1133 1402.93  8.3604 14.466 
2410 2353.76  50.673 116.346 2976.05  9.48632 39.0883 2252.46  21.5436 40.6768 1410.36  7.96949 14.6617 
2420 2361.04  54.5475 114.06 2986.11  10.2676 40.1169 2258.04  21.9398 40.7283 1416.83  9.44068 13.6161 
2430 2371.09  54.3843 112.886 2996.4  12.0676 40.4217 2264.97  20.6276 40.2964 1420.39  8.2176 11.22 
2440 2384.92  54.4672 113.184 3005.65  12.7673 41.4055 2273.34  20.4254 41.1948 1419.88  7.9351 12.2302 
2450 2389.57  55.1834 113.75 3014.32  13.9175 41.7561 2280.76  19.4258 44.8141 1425.62  7.72387 12.3914 
2460 2397.32  54.72 118.248 3021.57  11.3728 43.2214 2286.26  15.3329 42.5253 1432.47  3.72758 11.5696 
2470 2399.7  57.1344 120.634 3030.01  12.3225 41.6671 2290.74  14.8428 44.2195 1438.48  5.19965 13.7597 
2480 2404.99  60.6637 123.383 3039.81  13.4158 43.2271 2299.76  17.0707 44.9448 1440.56  5.87393 15.4872 
2490 2410.19  56.9525 120.716 3049.28  14.617 45.0709 2310.28  18.9038 47.9554 1445.27  1.75869 15.3035 
2500 2418.33  49.8571 120.068 3058.56  15.7205 47.5109 2315.35  18.7018 47.9612 1451.87  -1.32142 16.9265 
2510 2424.58  50.7105 129.099 3067.99  16.2316 48.6672 2321.81  19.9309 46.4533 1455.93  2.75138 16.7991 
2520 2431.69  54.5754 130.141 3076.65  17.7282 49.233 2329.11  21.8275 48.3532 1460.24  3.2828 16.6361 
2530 2442.05  53.3583 131.653 3086.04  16.8719 47.2368 2336.62  23.1704 51.6157 1469.67  4.22141 18.0287 
2540 2449.05  57.6329 141.181 3096.9  16.5399 47.8348 2342.85  23.5248 49.8505 1475.51  6.03474 18.0194 
2550 2453.2  59.9415 141.661 3105.35  15.292 46.7434 2350.53  24.0857 49.7557 1484.1  7.40811 15.2841 
2560 2458.22  52.574 145.767 3112.84  13.7594 47.9926 2358.6  25.0072 48.6818 1489.24  7.56404 16.075 
2570 2467.68  52.4475 148.685 3121.77  12.8681 47.2875 2363.6  24.2372 47.6967 1495.17  9.49164 14.8519 
2580 2467.39  58.9452 147.91 3129.11  11.2827 45.6044 2367.86  23.1974 47.8553 1499.65  13.1324 15.6037 
2590 2478.98  54.8173 149.009 3138.89  9.11931 44.3261 2370.73  23.6248 47.515 1501.1  14.7456 14.1129 
2600 2482.74  52.2143 150.51 3145.6  9.76384 43.9309 2376.91  24.2052 49.9141 1500.97  17.2558 15.7422 
2610 2489.56  56.9565 145.951 3153.93  8.35096 42.3937 2382.22  22.5871 50.1657 1502.14  17.5893 15.2103 
2620 2496.73  56.3531 142.455 3163.02  7.01156 42.7751 2391.26  21.6972 48.9273 1501.39  20.4376 16.4537 
2630 2496.83  55.5798 144.479 3173.29  6.76466 44.1652 2396.23  24.7235 47.663 1502.41  22.0352 17.004 
2640 2508.76  56.5748 145.289 3183.58  5.65107 44.6668 2402.14  26.2565 48.9827 1507.93  22.9131 17.6134 
2650 2516.47  57.8116 151.85 3192.01  3.49366 46.5274 2408.01  25.3923 49.1116 1511.94  25.7632 15.3194 
2660 2514.67  60.6309 152.435 3202.67  2.23014 47.2772 2417.5  28.2433 49.8591 1513.45  27.2284 10.0229 
2670 2517.82  60.546 156.03 3210.62  3.17927 46.3722 2427.39  31.3372 48.5444 1520.76  32.2708 7.10263 
2680 2517.49  59.7209 156.286 3218.88  3.12773 47.6087 2436.03  30.0257 49.0971 1524.79  36.5318 6.23305 
2690 2518.01  61.7989 154.52 3227.94  2.59112 46.9717 2441.46  29.81 49.3615 1532.81  37.4212 2.81549 
2700 2523.6  65.0482 158.242 3234.43  3.20734 47.7815 2447.37  29.3338 50.5228 1539.93  33.1341 3.2022 
2710 2532.24  61.1071 156.8 3243.92  2.09683 47.8229 2452.6  30.541 50.3248 1544.45  29.2618 2.14116 
2720 2534.47  64.798 165.128 3252.71  2.17259 48.6609 2461.36  28.6847 48.3303 1546.45  27.1541 2.33398 
2730 2543.27  66.8482 163.811 3260.88  2.04464 48.1522 2469.06  25.7273 47.689 1549.26  31.8563 2.69233 
2740 2548.26  70.1145 159.655 3269.96  1.95908 48.9193 2472.16  23.8173 48.9515 1554.84  30.4171 3.16443 
2750 2557.39  68.6715 161.223 3278.13  2.99585 49.2248 2477.3  22.9547 48.5815 1558.19  26.6585 0.160542 
2760 2563.85  69.4174 160.607 3285.92  3.25913 50.6428 2483.63  22.1972 47.4068 1561.89  24.3584 -0.0195633 
2770 2569.87  66.6589 165.936 3291.3  2.25942 50.4733 2489.68  22.68 44.5801 1564.53  21.919 -1.29082 
2780 2573.8  69.0568 170.913 3298.63  2.83353 48.7463 2496.71  24.8065 43.5414 1567.95  22.1841 -3.68928 
2790 2580.55  69.3737 177.202 3309.31  1.72636 47.1343 2503.44  25.4054 42.6417 1568.87  21.0704 -5.75324 
2800 2582.29  66.163 177.386 3317.14  2.60736 46.4343 2512.59  25.565 42.0096 1572.06  21.6651 -9.29835 
2810 2590.71  69.6803 186.259 3322.79  4.61577 46.1708 2520.89  27.2892 41.146 1576.39  25.4304 -8.95983 
2820 2599.91  75.6387 186.677 3332.01  5.94114 47.8499 2525.21  27.0077 40.7084 1582.31  26.9794 -5.48814 
2830 2604.64  71.7155 186.045 3337.72  6.09749 47.1982 2530.56  28.9643 41.9912 1582.21  26.1181 -5.78519 
2840 2612.05  65.9084 188.151 3346.64  5.70474 47.0404 2535.7  31.2069 44.4164 1587.07  29.812 -7.81787 
2850 2617.78  67.0975 186.617 3357.36  5.38921 46.5124 2541.06  32.5766 46.0849 1595.62  30.32 -6.41111 
2860 2627.09  68.0815 190.588 3366.56  6.55139 46.578 2548.08  31.3184 45.3857 1601.78  34.7305 -7.06645 
2870 2636.34  66.9854 188.128 3375.74  9.02829 46.0495 2552  30.6099 44.7044 1608.63  35.4349 -6.33776 
2880 2649.9  62.3314 185.411 3384.84  9.77681 47.6088 2556.49  32.048 45.6474 1611.44  35.7766 -6.98645 
2890 2653.94  65.8669 187.443 3393.45  9.8822 48.4352 2563.98  36.2051 48.8437 1616.28  32.346 -3.51135 
2900 2662.54  70.2184 186.328 3402.49  11.5414 48.2891 2572.32  37.215 47.5852 1617.39  31.8366 -0.0363865 
2910 2668.87  68.7092 182.638 3411.42  12.3809 46.5481 2581.05  36.5454 43.5097 1618.05  36.0662 -0.068249 
2920 2673.98  70.489 185.705 3421.62  13.3536 46.629 2588.13  36.6882 43.3679 1622.69  38.3004 -4.06158 
2930 2681.01  70.6184 182.49 3429.19  14.03 47.9307 2594.6  38.9965 43.8403 1626.34  39.5078 -3.19024 
2940 2687.84  70.1195 180.912 3438.81  12.953 47.5962 2602.49  36.6494 42.1391 1632.4  36.305 -1.5067 
2950 2681.19  68.044 180.819 3446.53  13.6514 47.5463 2611.84  33.1467 39.8646 1634.65  35.2612 -0.26588 
2960 2678.99  74.5793 179.714 3455.84  11.2439 47.8885 2618.73  32.1673 41.0862 1641.27  35.9389 1.0617 
2970 2686.13  76.6678 173.577 3463.58  11.9757 47.4297 2626.01  31.951 43.2083 1644.59  34.2161 3.88669 
2980 2698.58  72.9914 168.333 3471.96  11.6515 47.7414 2634.1  32.1254 46.3628 1648.38  35.2965 5.30882 
2990 2706.52  66.4195 167.892 3479.46  9.37152 46.3448 2641.03  33.1209 47.3072 1651.64  37.8209 5.25098 
3000 2714.51  66.2064 164.566 3488.39  6.05723 45.5967 2646.95  33.0452 48.0069 1655.86  41.9642 7.35434 
3010 2713.78  61.1991 156.634 3496.48  5.11922 43.868 2652.72  32.4411 46.8641 1655.88  42.2535 5.23019 
3020 2722.13  58.3006 157.265 3502.73  4.29105 42.9107 2659.75  31.1045 47.3231 1661.09  43.8525 0.156858 
3030 2731.8  58.3606 158.029 3509.75  3.66496 42.1865 2665.79  30.8877 46.5074 1665.57  46.31 -4.05191 
3040 2739.9  54.2258 162.399 3516.04  1.63347 42.5558 2671.04  29.6245 46.6921 1671.49  46.2282 -4.54901 
3050 2746.99  55.019 164.663 3523.99  0.306726 43.5302 2678.85  31.6093 47.8572 1673.69  43.7127 -2.15759 
3060 2758.99  51.3609 164.887 3531.25  1.5207 43.7748 2685.6  31.3434 49.0793 1676.57  43.7 -5.69416 
3070 2758.72  50.7037 163.187 3540.27  2.76116 43.2906 2691.91  31.8014 49.0018 1674.6  41.0183 -6.53346 
3080 2764.86  52.7574 159.939 3547.85  4.4377 43.1544 2700.92  32.4788 49.5623 1673.41  41.973 -6.21798 
3090 2768.37  47.7993 158.528 3557.16  4.31447 43.5899 2707.91  32.8049 48.6685 1675.87  41.4106 -7.16638 
3100 2773.88  45.8943 157.076 3565.29  4.61131 42.1924 2713.31  31.1279 48.8614 1682.07  42.0427 -7.84632 
3110 2773.92  42.4093 154.109 3572.65  4.00778 41.9739 2718.91  29.0138 47.7168 1686.39  40.6918 -8.57813 
3120 2778.27  39.4436 155.408 3578.43  2.99877 41.8939 2723.67  27.2378 46.1132 1691.66  39.1227 -10.0745 
3130 2781.94  39.4643 145.424 3585.61  2.96553 41.9387 2730.01  25.4006 45.4962 1699.09  37.8165 -9.43732 
3140 2785.15  46.6312 148.244 3593.42  3.09122 39.5279 2734.95  24.2402 46.7167 1702.41  36.5703 -9.71309 
3150 2789.75  47.1469 146.836 3603.48  3.14046 38.2385 2740.99  22.9007 47.5123 1703.47  39.528 -8.0914 
3160 2792.2  41.1986 144.849 3611.26  2.80544 37.2252 2748.22  22.8473 49.0715 1707.17  40.5253 -8.91773 
3170 2793.09  43.6915 145.637 3618.36  4.81681 36.9209 2754.61  25.3287 50.9902 1710.08  38.6053 -4.79511 
3180 2800.2  40.2511 154.201 3625.88  5.91159 37.5852 2761.87  25.7179 51.504 1710.99  38.7542 -4.29055 
3190 2810.3  44.6804 162.257 3634.85  5.23522 37.646 2768.87  27.4647 51.8906 1716.23  39.5417 -9.7551 
3200 2817.96  49.7246 156.863 3641.69  8.17278 37.2345 2774.69  27.346 52.2124 1719.69  41.7912 -9.96907 
3210 2824.77  52.1761 162.628 3649.88  9.4947 37.1338 2782.88  29.2844 51.3193 1725.12  41.1653 -4.46227 
3220 2833.8  56.7309 157.031 3656.72  9.29952 37.0692 2787.88  28.3194 51.3537 1733.62  39.0535 -4.15674 
3230 2840.8  70.3993 159.443 3665.33  8.97851 37.982 2794.61  27.7233 52.3064 1740.41  40.3999 -5.99682 
3240 2842.31  74.1347 155.594 3673.77  10.5488 39.9299 2798.95  27.1961 52.6177 1745.71  39.3711 -5.11274 
3250 2849  76.2695 153.084 3681.84  11.1182 41.5035 2803.1  28.5255 51.3399 1750.11  39.5925 -4.97491 
3260 2857.59  75.9897 155.155 3690.26  12.862 40.3942 2809.05  29.1927 51.6709 1756.81  37.62 -1.80442 
3270 2858.9  78.5698 149.202 3696.64  13.7958 38.6315 2814.76  29.4083 51.9953 1756.66  34.482 -0.170455 
3280 2866.75  77.336 142.901 3704.31  12.8599 36.4448 2820.09  30.7548 50.8966 1761.05  30.0401 2.63976 
3290 2872.09  72.1534 142.006 3713.29  12.2994 35.8941 2827.12  30.7671 51.3473 1766.78  27.6625 5.59124 
3300 2877.99  74.7282 139.676 3721.26  11.4247 36.7603 2833.45  31.6085 49.4518 1772.45  24.2326 7.96267 
3310 2883.6  82.3625 134.857 3730.66  12.2153 38.595 2841.72  33.592 46.1543 1775.75  26.2239 8.733 
